\inicializarSeccion{Anexos}
\begin{center}
\rowcolors{2}{gray!15}{white}
\begin{tabularx}{\textwidth}{l *{6}{>{\centering\arraybackslash}X}}
\toprule
\rowcolor[HTML]{2C3E50}
\color{white}\textbf{Variable} & \color{white}\textbf{O$_2$ (ml/L)} & \color{white}\textbf{Sat. O$_2$} & \color{white}\textbf{Temp.} & \color{white}\textbf{Salinidad} & \color{white}\textbf{Clorofila} & \color{white}\textbf{Fosfatos} \\
\midrule
Oxígeno disuelto & 1 & 0.993 & 0.847 & -0.42 & 0.295 & -0.977 \\
Saturación de Oxígeno & 0.993 & 1 & 0.901 & -0.408 & 0.274 & -0.989 \\
Temperatura & 0.847 & 0.901 & 1 & -0.327 & 0.138 & -0.921 \\
Salinidad & -0.42 & -0.408 & -0.327 & 1 & -0.061 & 0.399 \\
Clorofila & 0.295 & 0.274 & 0.138 & -0.061 & 1 & -0.219 \\
Fosfatos & -0.977 & -0.989 & -0.921 & 0.399 & -0.219 & 1 \\
\bottomrule
\end{tabularx}
\captionof{table}{Matriz de correlación entre variables cuantitativas del dataset de CalCOFI}
\label{tab:0f05-anexo}
\end{center}

\begin{figure}[H]
    \centering
    \includegraphics[width=0.5\linewidth]{\nat{parte1/0f04-anexo}}
    \caption{Tabla temperatura vs depth. (Propia Creación).}
    \label{fig:0f04-anexo}
\end{figure}

\begin{figure}[H]
    \centering
    \includegraphics[width=0.5\linewidth]{\nat{parte1/0f05-anexo2}}
    \caption{Tabla de variables. (Propia Creación).}
    \label{fig:0f05-anexo}
\end{figure}

\begin{figure}[H]
    \centering
    \includegraphics[width=0.5\linewidth]{\nat{parte1/0f06-anexo3}}
    \caption{Figura de oxigeno vs variables. (Propia Creación).}
    \label{fig:0f06-anexo}
\end{figure}

\begin{figure}[H]
    \centering
    \includegraphics[width=0.5\linewidth]{\nat{parte1/0f07-anexo4}}
    \caption{Boxplot depth zone. (Propia Creación).}
    \label{fig:0f07-anexo}
\end{figure}

\begin{figure}[H]
    \centering
    \includegraphics[width=0.5\linewidth]{\nat{parte1/0f08-anexo5}}
    \caption{Histogramas comparativos. (Propia Creación).}
    \label{fig:0f08-anexo}
\end{figure}